0.100198822517	0.000000000000
0.100701491259	0.000000083555
0.101206681745	0.000000166483
0.101714406627	0.000000248790
0.102224678620	0.000000330477
0.102737510500	0.000000411550
0.103252915111	0.000000492012
0.103770905359	0.000000571865
0.104291494215	0.000000651114
0.104814694716	0.000000729763
0.105340519964	0.000000807814
0.105868983127	0.000000885272
0.106400097437	0.000000962139
0.106933876196	0.000001038419
0.107470332769	0.000001114116
0.108009480591	0.000001189233
0.108551333163	0.000001263774
0.109095904054	0.000001337741
0.109643206901	0.000001411138
0.110193255409	0.000001483969
0.110746063353	0.000001556237
0.111301644575	0.000001627945
0.111860012989	0.000001699097
0.112421182578	0.000001769695
0.112985167393	0.000001839743
0.113551981558	0.000001909244
0.114121639267	0.000001978202
0.114694154785	0.000002046619
0.115269542449	0.000002114500
0.115847816668	0.000002181846
0.116428991924	0.000002248661
0.117013082768	0.000002314949
0.117600103829	0.000002380712
0.118190069806	0.000002445954
0.118782995473	0.000002510677
0.119378895677	0.000002574885
0.119977785343	0.000002638581
0.120579679465	0.000002701767
0.121184593118	0.000002764447
0.121792541449	0.000002826624
0.122403539683	0.000002888301
0.123017603119	0.000002949480
0.123634747136	0.000003010166
0.124254987186	0.000003070359
0.124878338804	0.000003130065
0.125504817597	0.000003189285
0.126134439255	0.000003248022
0.126767219543	0.000003306279
0.127403174310	0.000003364060
0.128042319478	0.000003421366
0.128684671055	0.000003478202
0.129330245125	0.000003534569
0.129979057855	0.000003590470
0.130631125492	0.000003645908
0.131286464365	0.000003700887
0.131945090886	0.000003755408
0.132607021547	0.000003809474
0.133272272924	0.000003863089
0.133940861676	0.000003916254
0.134612804546	0.000003968974
0.135288118361	0.000004021249
0.135966820032	0.000004073083
0.136648926554	0.000004124479
0.137334455008	0.000004175439
0.138023422563	0.000004225966
0.138715846469	0.000004276062
0.139411744068	0.000004325731
0.140111132785	0.000004374974
0.140814030135	0.000004423794
0.141520453720	0.000004472194
0.142230421228	0.000004520176
0.142943950440	0.000004567743
0.143661059223	0.000004614897
0.144381765536	0.000004661641
0.145106087425	0.000004707977
0.145834043029	0.000004753909
0.146565650577	0.000004799437
0.147300928391	0.000004844565
0.148039894882	0.000004889295
0.148782568556	0.000004933630
0.149528968011	0.000004977571
0.150279111938	0.000005021122
0.151033019122	0.000005064284
0.151790708442	0.000005107061
0.152552198871	0.000005149454
0.153317509480	0.000005191466
0.154086659432	0.000005233099
0.154859667989	0.000005274355
0.155636554508	0.000005315237
0.156417338444	0.000005355746
0.157202039349	0.000005395887
0.157990676873	0.000005435659
0.158783270765	0.000005475067
0.159579840874	0.000005514111
0.160380407146	0.000005552795
0.161184989629	0.000005591120
0.161993608472	0.000005629088
0.162806283923	0.000005666703
0.163623036334	0.000005703966
0.164443886158	0.000005740878
0.165268853949	0.000005777444
0.166097960368	0.000005813663
0.166931226175	0.000005849539
0.167768672238	0.000005885074
0.168610319527	0.000005920270
0.169456189119	0.000005955129
0.170306302197	0.000005989653
0.171160680047	0.000006023844
0.172019344066	0.000006057704
0.172882315757	0.000006091235
0.173749616728	0.000006124440
0.174621268700	0.000006157320
0.175497293499	0.000006189877
0.176377713064	0.000006222114
0.177262549441	0.000006254032
0.178151824788	0.000006285633
0.179045561374	0.000006316919
0.179943781580	0.000006347893
0.180846507900	0.000006378556
0.181753762938	0.000006408910
0.182665569415	0.000006438957
0.183581950162	0.000006468699
0.184502928130	0.000006498138
0.185428526379	0.000006527276
0.186358768089	0.000006556114
0.187293676555	0.000006584655
0.188233275189	0.000006612901
0.189177587519	0.000006640852
0.190126637193	0.000006668512
0.191080447977	0.000006695882
0.192039043757	0.000006722963
0.193002448536	0.000006749759
0.193970686440	0.000006776269
0.194943781716	0.000006802497
0.195921758732	0.000006828444
0.196904641978	0.000006854112
0.197892456068	0.000006879502
0.198885225737	0.000006904617
0.199882975846	0.000006929457
0.200885731382	0.000006954026
0.201893517455	0.000006978323
0.202906359301	0.000007002353
0.203924282284	0.000007026115
0.204947311894	0.000007049612
0.205975473751	0.000007072845
0.207008793600	0.000007095816
0.208047297319	0.000007118527
0.209091010913	0.000007140979
0.210139960518	0.000007163174
0.211194172403	0.000007185114
0.212253672966	0.000007206801
0.213318488739	0.000007228235
0.214388646388	0.000007249418
0.215464172711	0.000007270353
0.216545094640	0.000007291041
0.217631439245	0.000007311483
0.218723233729	0.000007331681
0.219820505432	0.000007351636
0.220923281833	0.000007371351
0.222031590546	0.000007390826
0.223145459327	0.000007410063
0.224264916067	0.000007429064
0.225389988801	0.000007447830
0.226520705701	0.000007466363
0.227657095084	0.000007484665
0.228799185407	0.000007502736
0.229947005269	0.000007520578
0.231100583414	0.000007538193
0.232259948729	0.000007555582
0.233425130247	0.000007572747
0.234596157147	0.000007589689
0.235773058753	0.000007606410
0.236955864536	0.000007622911
0.238144604117	0.000007639193
0.239339307263	0.000007655259
0.240540003892	0.000007671109
0.241746724071	0.000007686744
0.242959498019	0.000007702167
0.244178356106	0.000007717378
0.245403328855	0.000007732379
0.246634446940	0.000007747172
0.247871741191	0.000007761757
0.249115242593	0.000007776137
0.250364982284	0.000007790312
0.251620991561	0.000007804284
0.252883301876	0.000007818053
0.254151944839	0.000007831623
0.255426952220	0.000007844993
0.256708355948	0.000007858166
0.257996188110	0.000007871142
0.259290480957	0.000007883922
0.260591266899	0.000007896509
0.261898578512	0.000007908903
0.263212448531	0.000007921106
0.264532909860	0.000007933119
0.265859995564	0.000007944943
0.267193738876	0.000007956579
0.268534173196	0.000007968029
0.269881332090	0.000007979294
0.271235249294	0.000007990376
0.272595958711	0.000008001274
0.273963494418	0.000008011992
0.275337890659	0.000008022529
0.276719181851	0.000008032888
0.278107402585	0.000008043069
0.279502587624	0.000008053073
0.280904771906	0.000008062902
0.282313990544	0.000008072557
0.283730278828	0.000008082040
0.285153672224	0.000008091350
0.286584206376	0.000008100490
0.288021917107	0.000008109460
0.289466840421	0.000008118263
0.290919012500	0.000008126898
0.292378469710	0.000008135367
0.293845248598	0.000008143671
0.295319385894	0.000008151812
0.296800918515	0.000008159790
0.298289883559	0.000008167607
0.299786318314	0.000008175263
0.301290260253	0.000008182760
0.302801747037	0.000008190099
0.304320816516	0.000008197281
0.305847506731	0.000008204307
0.307381855913	0.000008211178
0.308923902485	0.000008217896
0.310473685061	0.000008224460
0.312031242452	0.000008230873
0.313596613662	0.000008237135
0.315169837890	0.000008243248
0.316750954532	0.000008249212
0.318340003183	0.000008255029
0.319937023635	0.000008260699
0.321542055880	0.000008266224
0.323155140111	0.000008271604
0.324776316724	0.000008276841
0.326405626314	0.000008281935
0.328043109683	0.000008286888
0.329688807836	0.000008291701
0.331342761984	0.000008296374
0.333005013546	0.000008300909
0.334675604147	0.000008305306
0.336354575622	0.000008309567
0.338041970014	0.000008313693
0.339737829581	0.000008317683
0.341442196788	0.000008321540
0.343155114316	0.000008325265
0.344876625060	0.000008328858
0.346606772130	0.000008332320
0.348345598851	0.000008335652
0.350093148766	0.000008338855
0.351849465638	0.000008341931
0.353614593448	0.000008344879
0.355388576398	0.000008347701
0.357171458911	0.000008350398
0.358963285634	0.000008352971
0.360764101438	0.000008355420
0.362573951418	0.000008357747
0.364392880895	0.000008359952
0.366220935420	0.000008362036
0.368058160770	0.000008364000
0.369904602953	0.000008365845
0.371760308206	0.000008367573
0.373625323000	0.000008369182
0.375499694038	0.000008370676
0.377383468258	0.000008372054
0.379276692832	0.000008373317
0.381179415171	0.000008374466
0.383091682922	0.000008375502
0.385013543971	0.000008376426
0.386945046446	0.000008377239
0.388886238714	0.000008377940
0.390837169388	0.000008378533
0.392797887320	0.000008379016
0.394768441612	0.000008379391
0.396748881609	0.000008379659
0.398739256906	0.000008379820
0.400739617344	0.000008379876
0.402750013016	0.000008379826
0.404770494267	0.000008379673
0.406801111693	0.000008379416
0.408841916143	0.000008379056
0.410892958724	0.000008378595
0.412954290797	0.000008378032
0.415025963981	0.000008377369
0.417108030156	0.000008376607
0.419200541458	0.000008375746
0.421303550290	0.000008374787
0.423417109314	0.000008373730
0.425541271456	0.000008372577
0.427676089911	0.000008371329
0.429821618137	0.000008369985
0.431977909863	0.000008368546
0.434145019086	0.000008367015
0.436323000074	0.000008365390
0.438511907367	0.000008363673
0.440711795780	0.000008361864
0.442922720403	0.000008359965
0.445144736599	0.000008357976
0.447377900013	0.000008355897
0.449622266568	0.000008353730
0.451877892465	0.000008351474
0.454144834191	0.000008349131
0.456423148512	0.000008346702
0.458712892483	0.000008344187
0.461014123442	0.000008341586
0.463326899016	0.000008338901
0.465651277122	0.000008336132
0.467987315966	0.000008333280
0.470335074047	0.000008330345
0.472694610156	0.000008327328
0.475065983381	0.000008324229
0.477449253105	0.000008321050
0.479844479009	0.000008317791
0.482251721074	0.000008314453
0.484671039582	0.000008311036
0.487102495117	0.000008307541
0.489546148567	0.000008303968
0.492002061124	0.000008300318
0.494470294291	0.000008296593
0.496950909874	0.000008292791
0.499443969995	0.000008288915
0.501949537083	0.000008284964
0.504467673881	0.000008280939
0.506998443450	0.000008276841
0.509541909163	0.000008272671
0.512098134714	0.000008268428
0.514667184116	0.000008264114
0.517249121700	0.000008259730
0.519844012125	0.000008255275
0.522451920371	0.000008250750
0.525072911744	0.000008246156
0.527707051878	0.000008241494
0.530354406738	0.000008236764
0.533015042617	0.000008231966
0.535689026144	0.000008227102
0.538376424278	0.000008222171
0.541077304318	0.000008217175
0.543791733897	0.000008212114
0.546519780992	0.000008206988
0.549261513915	0.000008201798
0.552017001326	0.000008196544
0.554786312227	0.000008191228
0.557569515966	0.000008185849
0.560366682239	0.000008180408
0.563177881093	0.000008174906
0.566003182925	0.000008169343
0.568842658486	0.000008163719
0.571696378880	0.000008158036
0.574564415571	0.000008152294
0.577446840380	0.000008146493
0.580343725486	0.000008140634
0.583255143434	0.000008134716
0.586181167130	0.000008128742
0.589121869847	0.000008122711
0.592077325227	0.000008116624
0.595047607277	0.000008110481
0.598032790381	0.000008104283
0.601032949292	0.000008098030
0.604048159139	0.000008091723
0.607078495428	0.000008085362
0.610124034046	0.000008078948
0.613184851256	0.000008072481
0.616261023709	0.000008065961
0.619352628436	0.000008059390
0.622459742856	0.000008052767
0.625582444779	0.000008046094
0.628720812400	0.000008039370
0.631874924312	0.000008032596
0.635044859498	0.000008025772
0.638230697339	0.000008018899
0.641432517615	0.000008011978
0.644650400504	0.000008005009
0.647884426588	0.000007997991
0.651134676853	0.000007990927
0.654401232691	0.000007983816
0.657684175903	0.000007976658
0.660983588698	0.000007969454
0.664299553701	0.000007962205
0.667632153949	0.000007954911
0.670981472896	0.000007947572
0.674347594415	0.000007940188
0.677730602799	0.000007932761
0.681130582767	0.000007925291
0.684547619458	0.000007917777
0.687981798441	0.000007910221
0.691433205716	0.000007902623
0.694901927710	0.000007894982
0.698388051287	0.000007887301
0.701891663746	0.000007879579
0.705412852823	0.000007871816
0.708951706696	0.000007864013
0.712508313982	0.000007856170
0.716082763748	0.000007848288
0.719675145501	0.000007840367
0.723285549204	0.000007832407
0.726914065266	0.000007824409
0.730560784551	0.000007816374
0.734225798381	0.000007808301
0.737909198534	0.000007800191
0.741611077249	0.000007792044
0.745331527226	0.000007783861
0.749070641634	0.000007775642
0.752828514106	0.000007767388
0.756605238746	0.000007759098
0.760400910129	0.000007750774
0.764215623307	0.000007742415
0.768049473806	0.000007734022
0.771902557633	0.000007725596
0.775774971276	0.000007717136
0.779666811707	0.000007708643
0.783578176385	0.000007700117
0.787509163257	0.000007691559
0.791459870762	0.000007682970
0.795430397834	0.000007674348
0.799420843900	0.000007665696
0.803431308889	0.000007657012
0.807461893230	0.000007648298
0.811512697857	0.000007639553
0.815583824208	0.000007630779
0.819675374231	0.000007621975
0.823787450387	0.000007613142
0.827920155649	0.000007604280
0.832073593508	0.000007595389
0.836247867973	0.000007586471
0.840443083574	0.000007577524
0.844659345369	0.000007568549
0.848896758940	0.000007559548
0.853155430398	0.000007550519
0.857435466389	0.000007541463
0.861736974093	0.000007532382
0.866060061226	0.000007523274
0.870404836047	0.000007514140
0.874771407357	0.000007504982
0.879159884502	0.000007495797
0.883570377377	0.000007486589
0.888002996430	0.000007477355
0.892457852661	0.000007468098
0.896935057627	0.000007458816
0.901434723446	0.000007449511
0.905956962797	0.000007440182
0.910501888926	0.000007430831
0.915069615644	0.000007421456
0.919660257337	0.000007412060
0.924273928962	0.000007402641
0.928910746054	0.000007393200
0.933570824727	0.000007383737
0.938254281677	0.000007374253
0.942961234186	0.000007364748
0.947691800126	0.000007355223
0.952446097958	0.000007345676
0.957224246738	0.000007336110
0.962026366120	0.000007326523
0.966852576356	0.000007316917
0.971702998304	0.000007307292
0.976577753428	0.000007297647
0.981476963799	0.000007287983
0.986400752102	0.000007278301
0.991349241639	0.000007268600
0.996322556328	0.000007258882
1.001320820710	0.000007249145
1.006344159950	0.000007239391
1.011392699841	0.000007229619
1.016466566809	0.000007219830
1.021565887911	0.000007210025
1.026690790844	0.000007200202
1.031841403944	0.000007190364
1.037017856193	0.000007180509
1.042220277217	0.000007170638
1.047448797295	0.000007160752
1.052703547357	0.000007150851
1.057984658993	0.000007140934
1.063292264450	0.000007131002
1.068626496642	0.000007121056
1.073987489145	0.000007111095
1.079375376210	0.000007101120
1.084790292758	0.000007091131
1.090232374388	0.000007081128
1.095701757381	0.000007071112
1.101198578698	0.000007061082
1.106722975991	0.000007051040
1.112275087600	0.000007040984
1.117855052560	0.000007030916
1.123463010603	0.000007020836
1.129099102163	0.000007010743
1.134763468376	0.000007000638
1.140456251089	0.000006990522
1.146177592860	0.000006980393
1.151927636961	0.000006970254
1.157706527383	0.000006960104
1.163514408840	0.000006949942
1.169351426772	0.000006939770
1.175217727348	0.000006929587
1.181113457471	0.000006919395
1.187038764780	0.000006909192
1.192993797656	0.000006898979
1.198978705223	0.000006888756
1.204993637354	0.000006878524
1.211038744673	0.000006868283
1.217114178561	0.000006858032
1.223220091158	0.000006847773
1.229356635366	0.000006837505
1.235523964856	0.000006827228
1.241722234068	0.000006816944
1.247951598219	0.000006806651
1.254212213301	0.000006796350
1.260504236094	0.000006786041
1.266827824159	0.000006775725
1.273183135851	0.000006765401
1.279570330318	0.000006755071
1.285989567507	0.000006744733
1.292441008167	0.000006734388
1.298924813854	0.000006724037
1.305441146934	0.000006713679
1.311990170586	0.000006703315
1.318572048812	0.000006692945
1.325186946431	0.000006682569
1.331835029094	0.000006672187
1.338516463280	0.000006661800
1.345231416305	0.000006651407
1.351980056321	0.000006641009
1.358762552329	0.000006630606
1.365579074172	0.000006620198
1.372429792550	0.000006609785
1.379314879016	0.000006599368
1.386234505986	0.000006588946
1.393188846738	0.000006578520
1.400178075422	0.000006568090
1.407202367062	0.000006557655
1.414261897556	0.000006547218
1.421356843690	0.000006536776
1.428487383133	0.000006526331
1.435653694446	0.000006515883
1.442855957086	0.000006505432
1.450094351412	0.000006494977
1.457369058685	0.000006484520
1.464680261077	0.000006474060
1.472028141674	0.000006463598
1.479412884479	0.000006453133
1.486834674420	0.000006442666
1.494293697351	0.000006432197
1.501790140060	0.000006421725
1.509324190271	0.000006411253
1.516896036650	0.000006400778
1.524505868810	0.000006390302
1.532153877314	0.000006379824
1.539840253683	0.000006369346
1.547565190396	0.000006358866
1.555328880900	0.000006348385
1.563131519612	0.000006337904
1.570973301923	0.000006327422
1.578854424206	0.000006316939
1.586775083818	0.000006306456
1.594735479106	0.000006295972
1.602735809414	0.000006285489
1.610776275083	0.000006275005
1.618857077461	0.000006264522
1.626978418906	0.000006254039
1.635140502791	0.000006243556
1.643343533508	0.000006233073
1.651587716477	0.000006222592
1.659873258147	0.000006212111
1.668200366001	0.000006201631
1.676569248566	0.000006191152
1.684980115414	0.000006180674
1.693433177167	0.000006170197
1.701928645506	0.000006159722
1.710466733171	0.000006149248
1.719047653972	0.000006138776
1.727671622791	0.000006128306
1.736338855587	0.000006117838
1.745049569403	0.000006107371
1.753803982371	0.000006096907
1.762602313716	0.000006086444
1.771444783765	0.000006075984
1.780331613950	0.000006065527
1.789263026811	0.000006055072
1.798239246008	0.000006044620
1.807260496321	0.000006034170
1.816327003658	0.000006023723
1.825438995061	0.000006013280
1.834596698711	0.000006002839
1.843800343931	0.000005992402
1.853050161199	0.000005981967
1.862346382147	0.000005971537
1.871689239567	0.000005961110
1.881078967422	0.000005950686
1.890515800847	0.000005940266
1.899999976158	0.000005929850
1.909531730855	0.000005919438
1.919111303631	0.000005909030
1.928738934374	0.000005898626
1.938414864178	0.000005888226
1.948139335345	0.000005877831
1.957912591395	0.000005867440
1.967734877065	0.000005857053
1.977606438324	0.000005846672
1.987527522374	0.000005836294
1.997498377655	0.000005825922
2.007519253856	0.000005815555
2.017590401918	0.000005805192
2.027712074040	0.000005794835
2.037884523687	0.000005784483
2.048108005594	0.000005774136
2.058382775777	0.000005763794
2.068709091534	0.000005753458
2.079087211453	0.000005743127
2.089517395423	0.000005732802
2.099999904633	0.000005722483
2.110535001583	0.000005712169
2.121122950092	0.000005701862
2.131764015301	0.000005691560
2.142458463680	0.000005681264
2.153206563038	0.000005670975
2.164008582527	0.000005660691
2.174864792648	0.000005650414
2.185775465260	0.000005640144
2.196740873586	0.000005629879
2.207761292219	0.000005619622
2.218836997130	0.000005609370
2.229968265675	0.000005599126
2.241155376600	0.000005588888
2.252398610050	0.000005578658
2.263698247577	0.000005568434
2.275054572142	0.000005558217
2.286467868130	0.000005548007
2.297938421348	0.000005537804
2.309466519041	0.000005527609
2.321052449892	0.000005517421
2.332696504034	0.000005507240
2.344398973054	0.000005497067
2.356160150003	0.000005486901
2.367980329402	0.000005476743
2.379859807250	0.000005466592
2.391798881029	0.000005456449
2.403797849716	0.000005446314
2.415857013786	0.000005436187
2.427976675221	0.000005426067
2.440157137521	0.000005415956
2.452398705704	0.000005405853
2.464701686323	0.000005395757
2.477066387465	0.000005385670
2.489493118765	0.000005375592
2.501982191410	0.000005365521
2.514533918150	0.000005355459
2.527148613300	0.000005345406
2.539826592757	0.000005335361
2.552568173998	0.000005325324
2.565373676097	0.000005315296
2.578243419725	0.000005305277
2.591177727164	0.000005295266
2.604176922313	0.000005285265
2.617241330693	0.000005275272
2.630371279462	0.000005265288
2.643567097416	0.000005255313
2.656829115002	0.000005245347
2.670157664325	0.000005235391
2.683553079156	0.000005225443
2.697015694939	0.000005215505
2.710545848802	0.000005205576
2.724143879566	0.000005195656
2.737810127747	0.000005185745
2.751544935575	0.000005175844
2.765348646992	0.000005165953
2.779221607669	0.000005156071
2.793164165009	0.000005146198
2.807176668158	0.000005136335
2.821259468015	0.000005126482
2.835412917238	0.000005116639
2.849637370254	0.000005106805
2.863933183270	0.000005096982
2.878300714277	0.000005087168
2.892740323065	0.000005077364
2.907252371227	0.000005067570
2.921837222171	0.000005057786
2.936495241127	0.000005048012
2.951226795157	0.000005038248
2.966032253168	0.000005028495
2.980911985913	0.000005018751
2.995866366008	0.000005009018